753 
1 
3 
4 
5 
7 
9 
11 
13 
14 
16 
17 
19 
21 
22 
23 
24 
25 
28 
29 
33 
34 
35 
38 
39 
41 
42 
43 
45 
48 
50 
56 
60 
62 
63 
70 
73 
74 
75 
77 
78 
81 
83 
87 
89 
90 
92 
98 
100 
103 
106 
107 
109 
110 
111 
112 
113 
120 
121 
122 
125 
127 
132 
135 
136 
139 
140 
141 
142 
145 
148 
149 
154 
159 
164 
166 
167 
170 
174 
176 
177 
178 
179 
181 
184 
186 
187 
189 
192 
193 
194 
196 
197 
201 
202 
203 
205 
208 
209 
210 
211 
212 
213 
216 
217 
219 
220 
222 
225 
228 
229 
230 
232 
233 
235 
239 
240 
241 
245 
247 
251 
254 
255 
258 
260 
261 
265 
267 
268 
272 
274 
275 
276 
277 
278 
279 
281 
282 
283 
284 
286 
287 
292 
293 
294 
296 
298 
299 
300 
301 
302 
303 
305 
308 
309 
311 
312 
313 
314 
315 
316 
317 
319 
320 
323 
325 
326 
328 
329 
332 
333 
334 
340 
342 
346 
347 
348 
349 
351 
352 
354 
356 
357 
358 
360 
361 
362 
364 
367 
369 
370 
374 
377 
378 
379 
380 
381 
387 
389 
391 
393 
396 
397 
400 
404 
406 
411 
412 
416 
420 
421 
423 
425 
429 
430 
431 
433 
435 
436 
439 
440 
441 
442 
446 
448 
450 
451 
453 
456 
457 
460 
462 
463 
467 
468 
472 
473 
477 
479 
480 
483 
485 
486 
488 
489 
491 
493 
497 
499 
500 
502 
504 
505 
506 
507 
508 
509 
514 
515 
516 
519 
520 
526 
530 
531 
532 
533 
536 
538 
539 
540 
541 
546 
549 
550 
551 
554 
555 
556 
557 
559 
560 
561 
565 
567 
569 
570 
574 
575 
576 
584 
588 
591 
592 
593 
594 
596 
597 
602 
604 
605 
606 
610 
611 
613 
614 
616 
621 
623 
626 
627 
629 
638 
639 
640 
641 
642 
644 
645 
646 
647 
648 
649 
650 
652 
654 
655 
656 
658 
663 
667 
669 
671 
672 
677 
678 
679 
680 
682 
687 
688 
690 
691 
692 
693 
694 
702 
704 
706 
707 
708 
712 
713 
718 
719 
722 
723 
724 
725 
727 
728 
729 
730 
732 
733 
734 
736 
738 
739 
741 
742 
743 
745 
746 
747 
748 
754 
755 
756 
757 
761 
764 
766 
767 
768 
771 
772 
775 
776 
777 
778 
779 
780 
784 
785 
786 
787 
790 
791 
792 
799 
802 
803 
804 
807 
809 
811 
812 
815 
819 
820 
821 
822 
823 
826 
827 
829 
830 
831 
836 
839 
842 
843 
844 
845 
848 
849 
850 
851 
852 
854 
855 
859 
860 
863 
864 
865 
867 
869 
870 
874 
875 
877 
878 
880 
886 
887 
888 
889 
890 
893 
895 
896 
899 
900 
905 
906 
907 
908 
913 
914 
917 
921 
922 
923 
924 
925 
926 
931 
933 
935 
936 
938 
939 
942 
944 
948 
950 
951 
954 
955 
959 
962 
963 
964 
966 
969 
970 
971 
972 
975 
976 
978 
983 
986 
987 
989 
992 
994 
997 
998 
53 995 
54 894 
79 861 
84 847 
104 837 
97 814 
152 797 
180 796 
190 795 
207 744 
221 721 
253 661 
322 619 
363 615 
306 581 
398 553 
324 543 
403 521 
418 511 
427 471 
445 470 
449 469 
496 409 
512 408 
523 392 
558 372 
564 344 
568 341 
578 339 
587 289 
598 263 
600 262 
603 249 
696 242 
749 204 
699 183 
750 169 
783 162 
798 118 
892 114 
902 108 
916 94 
945 91 
980 88 
985 51 
999 27 
64 20 
68 15 
69 8 
86 993 
117 991 
175 982 
185 960 
191 929 
237 885 
264 873 
291 856 
295 846 
310 840 
395 817 
399 813 
417 751 
419 740 
466 735 
476 714 
527 686 
542 670 
548 665 
552 620 
586 617 
589 524 
618 522 
634 513 
635 481 
659 475 
673 461 
683 458 
685 447 
700 438 
752 415 
782 413 
762 402 
788 401 
883 386 
884 256 
898 243 
901 200 
904 195 
909 155 
940 153 
941 150 
946 105 
968 101 
974 67 
37 44 
979 31 
0 26 
57 10 
58 988 
66 977 
82 956 
85 932 
119 912 
131 881 
158 858 
161 832 
214 808 
206 800 
215 770 
224 765 
246 726 
248 716 
257 703 
269 701 
335 674 
337 544 
343 537 
384 494 
432 482 
484 455 
498 454 
487 452 
535 444 
510 424 
607 422 
608 410 
630 394 
631 383 
632 376 
633 368 
636 327 
637 318 
660 307 
666 304 
668 270 
676 236 
698 231 
717 138 
720 137 
731 133 
773 130 
781 99 
793 72 
806 52 
824 49 
828 984 
868 953 
897 947 
910 937 
981 915 
928 903 
2 891 
961 872 
46 862 
55 853 
59 841 
71 835 
116 833 
143 825 
128 801 
218 794 
223 760 
271 705 
280 697 
331 675 
359 662 
366 653 
385 643 
390 625 
464 612 
428 583 
545 572 
529 571 
577 562 
580 525 
599 518 
601 490 
628 443 
709 414 
710 407 
759 388 
789 371 
816 345 
871 330 
882 321 
911 297 
918 285 
919 259 
927 188 
934 182 
990 157 
36 156 
65 147 
47 144 
61 134 
76 129 
95 115 
96 93 
102 80 
126 40 
123 32 
160 30 
163 12 
168 973 
171 952 
172 943 
198 920 
226 879 
234 866 
238 857 
250 805 
266 763 
288 737 
338 695 
353 689 
478 681 
375 664 
465 624 
495 622 
492 609 
501 573 
503 566 
517 547 
563 534 
579 528 
582 474 
585 459 
590 437 
651 434 
595 426 
657 405 
684 382 
711 373 
715 365 
753 355 
758 350 
769 336 
774 290 
810 273 
818 252 
834 244 
838 227 
930 199 
876 173 
949 165 
957 151 
958 146 
965 124 
965 124 
967 18 
967 18 
996 6 
996 6 
